veffector_camera: 
  translation: 
    x: -0.0485918023363
    y: -0.0360243688566
    z: 0.1021443715
  rotation:
    x: 0.0363799985482
    y: -0.694187663798
    z: -0.0365701531907
    w: 0.717943317423