xyz: [-0.0793834, -0.0975535, 0.084565433]
rpy: [-0.308886, -1.52777, 0.381701315]
