xyz: [-0.04884, -0.0657, 0.0757]
rpy: [-0.0139975, -1.531962, -0.044470]