xyz: [-0.0383834, -0.0305535, 0.084565433]
rpy: [-0.3788866761926434, -1.5677738770313494, 0.38170131588314493]
