xyz: [-0.00727, 0.062, -0.0334]
rpy: [1.54047, 0.01661, -0.03717]
