xyz: [-0.01457,  0.0436 , -0.03853]
rpy: [ 1.54047,  0.01661, -0.03717]

